a = [1 1 1 1;8 4 2 1;27 9 3 1; 64 16 4 1]
b = [8;2;5;7]

format rat
x = a\b
